0.003292097438
0.0138852884
0.00895817595
0.01764197372
0.009558322683
0.01686404918
0.00479923096
0.01830491355
0.02188988166
0.004462068502
0.005684716086
0.01462282989
0.007692631795
0.01555349115
0.01396681078
0.003512917037
0.007660532667
0.002583941372
0.01345288325
0.01361189114
0.005275600128
0.003914070539
0.009546580784
0.008893633437
0.01578946295
0.01193716914
0.03460687754
0.01183808808
0.01111266681
0.0138651466
0.01552792717
0.004331381938
0.0084572719
0.009159500202
0.01483493991
0.004083238613
0.003698378006
0.006071088921
0.009234434841
0.001698306074
0.01083388846
0.001698306074
0.002589543949
0.007072204066
0.003786566878
0.008612675436
0.02438814644
0.004222497249
0.004565530422
0.002667194733
0.006694746778
0.005901578075
0.02835887448
0.002923937269
0.003812432941
0.006820048593
0.01431977255
0.01124265184
0.005998078237
0.009140717265
0.02193756601
0.01263300651
0.02259440054
0.009888282167
0.04650995191
0.005311872448
0.006302704081
0.03956437434
0.01941626597
0.007882003683
0.01272353277
0.01345931928
0.007207375606
0.002876909917
0.01268079449
0.00530812062
0.004015856181
0.001698306074
0.001698306074
0.00241800365
0.01230694506
0.01501967298
0.01211248606
0.003794003223
0.01384871005
0.002743672992
0.003137701227
0.00315715904
0.001698306074
0.001698306074
0.001698306074
0.003812432941
0.01633326536
0.01522231511
0.01686962071
0.007232603871
0.004610216445
0.01046542598
0.00315715904
0.007430936832
