0.00315021261
0.01368197926
0.008926214656
0.01677296172
0.009590816587
0.01836299968
0.004697231816
0.01776797823
0.02380438781
0.004559407632
0.005431706691
0.01443678979
0.007869482976
0.01530278249
0.01387021056
0.003663144152
0.007739972135
0.002636908718
0.01400479747
0.01341253938
0.005545793094
0.003909986082
0.009536185766
0.008803678799
0.01642753639
0.01154132759
0.03543880139
0.01170185415
0.01115608055
0.01379009441
0.015313187
0.004620725493
0.008224215025
0.008976557154
0.01456911576
0.003888420931
0.003866974219
0.006077327709
0.00895811194
0.00169424189
0.0112228037
0.00169424189
0.002582785003
0.006830789667
0.003839841318
0.008269133341
0.02336483348
0.004299869795
0.004589978428
0.002669543486
0.006724072061
0.005813345594
0.03002573992
0.00291572526
0.00365992953
0.006741089932
0.01427000708
0.01100104113
0.006195969146
0.009274601027
0.02173653964
0.01400744815
0.02148514082
0.01016899623
0.04890056968
0.005353346673
0.006428576157
0.03882244799
0.01820365351
0.007799401565
0.01237250495
0.01290835006
0.007180337265
0.002734330033
0.01255896373
0.005128206319
0.004179052163
0.00169424189
0.00169424189
0.002414593834
0.01211868192
0.01491983968
0.01158329884
0.00379442394
0.0137702202
0.002738806733
0.003134945778
0.003139287121
0.00169424189
0.00169424189
0.00169424189
0.00365992953
0.01572158384
0.01535382358
0.01682545979
0.007045937917
0.004501809608
0.01060228785
0.003139287121
0.007388627861
