0.003064873611
0.01968203631
0.0106391494
0.01371702639
0.009837956944
0.01373497083
0.0066218875
0.01764119306
0.01233636667
0.005545220833
0.006089456944
0.01644782004
0.0074347
0.02198391726
0.01682424861
0.004197026389
0.006845602778
0.003240607738
0.01468095
0.0147925125
0.004293241667
0.006827304167
0.01117056806
0.009260429167
0.02021834583
0.0113266375
0.0254590006
0.01057792917
0.01050591528
0.01840491131
0.01179035972
0.003390116667
0.007592304167
0.01156645893
0.01577338552
0.004269040278
0.005817929167
0.006556956944
0.009783415278
0.001716679167
0.01066434583
0.001716679167
0.004670429167
0.008401575
0.003602616667
0.01038423373
0.02114980417
0.004381193056
0.008175498611
0.0040825125
0.006935982738
0.006941227778
0.02057470496
0.004200635516
0.003777929167
0.007558304167
0.0144631375
0.01361195694
0.0058462625
0.008212399405
0.0250987625
0.007377679167
0.0195525125
0.009406227778
0.0262346256
0.0053681375
0.008974734722
0.03331593512
0.01900945694
0.009000706944
0.01470184583
0.01274330417
0.007962324008
0.0027437625
0.01044511667
0.006436540278
0.005201679167
0.001716679167
0.001716679167
0.002534804167
0.01284955417
0.0224531375
0.008611123611
0.0056337625
0.01443893611
0.003875325
0.003352929167
0.003390116667
0.001716679167
0.001716679167
0.001716679167
0.003777929167
0.01450806607
0.01623279028
0.0165987625
0.008175245635
0.0074612625
0.008919164286
0.003390116667
0.01063034583
