0.003537592268
0.0159736888
0.008641383721
0.01608858543
0.009831758831
0.01421145385
0.004766503773
0.01857956631
0.01446976137
0.004662087963
0.006212874949
0.01595848264
0.008070360804
0.01905253779
0.0169429437
0.003793707106
0.007182787459
0.002616690856
0.01377836984
0.01844363672
0.004632587158
0.005236469405
0.01068423954
0.009576659676
0.01855996951
0.01358030566
0.02840807271
0.009033360926
0.01099103016
0.01580451354
0.01431317547
0.003281662679
0.01105707069
0.0113013129
0.0149271895
0.004264106157
0.003624435509
0.006313196435
0.01027035791
0.001713905856
0.01088920819
0.001713905856
0.002663902453
0.00841072595
0.003633261992
0.0103680041
0.02063101964
0.004413845659
0.005702541523
0.003451199311
0.006674999109
0.006780459438
0.02097817615
0.003362817922
0.003639434231
0.007641406002
0.01593774911
0.01215052303
0.005504550678
0.009184442304
0.02437678058
0.009411480828
0.02461899988
0.009475073952
0.03814670587
0.005268980683
0.007526038217
0.03942392489
0.01935372112
0.007251089189
0.01239095682
0.01212835059
0.007410042858
0.00278431912
0.01236020455
0.00535461287
0.004503153408
0.001713905856
0.001713905856
0.002443494502
0.01460545939
0.01521492378
0.01033790826
0.004725837176
0.01523296156
0.002796894693
0.003173083148
0.003320045492
0.001713905856
0.001713905856
0.001713905856
0.003639434231
0.01507340225
0.01515147131
0.01670891995
0.007721256978
0.00483967254
0.009215967811
0.003320045492
0.008004688514
