0.003199366055
0.01373652257
0.008998512489
0.01756163614
0.009664564837
0.01774271775
0.004811668272
0.01825511388
0.02291138843
0.004533984615
0.005528930166
0.01453137258
0.00760481517
0.0152805667
0.01393914226
0.003601223674
0.007512243373
0.002629503836
0.01393770623
0.01349789369
0.005279008996
0.0039082471
0.009656838701
0.008805177906
0.01634530237
0.01162325634
0.03501058533
0.0119910117
0.01118622106
0.01387232615
0.01587383458
0.004379912431
0.008305632284
0.009052240675
0.01469563612
0.003928632923
0.003811638776
0.006008387828
0.009075153898
0.001695398546
0.01110370666
0.001695398546
0.002584413894
0.006916397808
0.003825467214
0.008357989847
0.02371388912
0.004225525906
0.004568815339
0.002665573761
0.006713170585
0.005888886191
0.02942177449
0.002912042594
0.003724717301
0.006755963652
0.01436539732
0.01097991963
0.006143204586
0.009211832682
0.02169176199
0.01335287896
0.0216065824
0.009832591638
0.04783740168
0.005324771131
0.006377552072
0.03868591802
0.01877133799
0.007862110219
0.01233008391
0.01300163505
0.007302828061
0.00277558788
0.01240585532
0.005182366312
0.004142887784
0.001695398546
0.001695398546
0.002417178628
0.01215449802
0.01498121078
0.01182309919
0.003800830649
0.01376118652
0.002741389621
0.003138958709
0.003144658872
0.001695398546
0.001695398546
0.001695398546
0.003724717301
0.01620539921
0.01531277848
0.01725457507
0.007139213287
0.004517972666
0.01051163846
0.003144658872
0.007507488977
