0.003146391928
0.013702393
0.008943174339
0.01678115619
0.009531333683
0.01845041364
0.004684679179
0.01776887892
0.02390862386
0.004569973352
0.005432549811
0.01438800133
0.007895243219
0.01533088247
0.01387303843
0.003677413113
0.007805368013
0.002648980213
0.01399818701
0.01332308251
0.005595537569
0.003907953789
0.009557915736
0.008835095773
0.0164998329
0.01153162691
0.03545985234
0.01153920415
0.01113311108
0.01385576012
0.01528082022
0.00466998287
0.008197082696
0.008959942929
0.01450693586
0.003903230581
0.003890840331
0.006043650152
0.008942063472
0.001693400138
0.01132531568
0.001693400138
0.002581634775
0.006825891758
0.003854095592
0.008285520461
0.02332016448
0.004321188172
0.004596627199
0.002668770554
0.006736987197
0.005799421292
0.03014457125
0.002917669861
0.003655425827
0.006734547839
0.01420468906
0.01095055506
0.006199372473
0.009223946287
0.02163527321
0.01415120239
0.02146129099
0.01018580518
0.04928629415
0.005363667059
0.006437956186
0.03840213806
0.01823442963
0.007806954962
0.01237760245
0.01286826252
0.007104483434
0.002730380171
0.01263006383
0.005127026682
0.004199257837
0.001693400138
0.001693400138
0.002413452941
0.01209843728
0.01496597243
0.01153092787
0.003786844698
0.01373322921
0.002737561459
0.003133505745
0.003125881748
0.001693400138
0.001693400138
0.001693400138
0.003655425827
0.01562001143
0.01537109359
0.01679618163
0.00707708433
0.004506663393
0.01057742341
0.003125881748
0.007371933013
