0.003349946346
0.01401598243
0.00954863567
0.01794759171
0.009323101379
0.01683432496
0.004730134604
0.01784860545
0.01999123987
0.004481349033
0.005588353896
0.01456654975
0.007293467164
0.015903449
0.01448779267
0.003567446152
0.007002830572
0.002631478272
0.01280901856
0.01415768135
0.00480588099
0.00398380563
0.009594299379
0.008806039034
0.01593601272
0.0124360404
0.03393524249
0.01232582204
0.01072149738
0.01415853349
0.01524883082
0.003913531967
0.008977915849
0.009238386402
0.01464027024
0.003890355645
0.003640914217
0.006164816087
0.009954994236
0.001693406062
0.01068292776
0.001693406062
0.002590218183
0.007504044278
0.003744110425
0.008493043503
0.0245590958
0.004276777095
0.004559476042
0.00273188729
0.007007505328
0.006142148723
0.02664898847
0.002933825427
0.004159778271
0.00686519043
0.01459238422
0.01157381543
0.005729323602
0.009283848243
0.02308985753
0.01239094524
0.02381135298
0.009519314244
0.04407699441
0.005222274454
0.006536543771
0.04066583342
0.01943312447
0.008417408961
0.01253294457
0.01197178369
0.007216995468
0.002831570578
0.01271862993
0.005625145993
0.00396267601
0.001693406062
0.001693406062
0.002419475752
0.01274052193
0.01534009941
0.01192915531
0.003954411597
0.01434366763
0.002746870197
0.003145545442
0.003266305388
0.001693406062
0.001693406062
0.001693406062
0.004159778271
0.0160244212
0.01543335123
0.0175787249
0.007170744531
0.004559138155
0.01011711097
0.003266305388
0.007396578174
