0.003163282872
0.01378623234
0.008850945295
0.01709189439
0.009740512365
0.01812494684
0.004722435458
0.01780143283
0.02346148374
0.004575941181
0.00543912492
0.01451252691
0.007763138581
0.01536464267
0.01383866146
0.003669454132
0.007692871166
0.002618387592
0.01389813361
0.01337098993
0.005465273271
0.003903437112
0.009542941734
0.008771571656
0.01623254723
0.01156286847
0.03510816141
0.01174458006
0.01127801783
0.01380105199
0.01545714522
0.004532432529
0.008189186599
0.009011542638
0.01471176778
0.003922543645
0.003825292573
0.006033566318
0.008985922475
0.00169494575
0.01105375929
0.00169494575
0.002584317384
0.006854406619
0.003810209294
0.008334518628
0.0232921782
0.004288317568
0.004589654566
0.002665819009
0.006728776929
0.005829987088
0.02981643274
0.002918688461
0.003670899327
0.00680021285
0.0142867939
0.01098851264
0.006162392095
0.00923550706
0.02175809678
0.01377168754
0.02141757241
0.0100440753
0.04862376634
0.005361144267
0.006464816019
0.03899023137
0.01828074387
0.007744161321
0.01235056171
0.0131285978
0.007246544716
0.002750282318
0.01253835811
0.005138720188
0.004136171591
0.00169494575
0.00169494575
0.002415490132
0.01211987445
0.01492169476
0.01177366149
0.003822067627
0.01377691571
0.002740085219
0.003136034514
0.003130588026
0.00169494575
0.00169494575
0.00169494575
0.003670899327
0.01597267635
0.01546971466
0.01721179254
0.007094768535
0.004520017607
0.01059229943
0.003130588026
0.007412407235
