0.003225539583
0.01466385328
0.008969889004
0.01596013693
0.009794354763
0.01464694084
0.004780580189
0.0186886104
0.01954454804
0.004662652807
0.005769751282
0.01489053521
0.007725300546
0.01714002303
0.01537794108
0.003660334997
0.006782808484
0.002688371654
0.01322851828
0.01528603475
0.004728333213
0.004349386961
0.009545195465
0.009087864605
0.01698360957
0.01450807181
0.03129607853
0.01049562129
0.01115838291
0.01439598274
0.01391294861
0.003708338946
0.009805727833
0.01018787822
0.01500579482
0.003762874541
0.003537243921
0.006001316141
0.01064967075
0.00170839927
0.01091489023
0.00170839927
0.002607439495
0.007250222535
0.003675732855
0.008392280437
0.02470695874
0.004325920777
0.004886970482
0.002920189344
0.006801322716
0.006559272322
0.02604670573
0.002945690212
0.004017051232
0.007401879181
0.01551591284
0.01133664397
0.00562518559
0.009414027999
0.02446689642
0.01044765132
0.02374958768
0.009264053414
0.03935278701
0.00507900634
0.006633839743
0.04032016223
0.02030727593
0.007753939702
0.01257401063
0.01078223749
0.00700762699
0.002739572302
0.01397789815
0.005846612765
0.00390943744
0.00170839927
0.00170839927
0.002436809259
0.01387672917
0.01573772239
0.01250872468
0.003976394349
0.01406533096
0.002764927707
0.003165219248
0.003332198046
0.00170839927
0.00170839927
0.00170839927
0.004017051232
0.01604837196
0.01578144714
0.01750103063
0.007261283271
0.004595532627
0.009496276564
0.003332198046
0.007980019534
