0.004758333333
0.01538333333
0.009514285714
0.009008333333
0.009291666667
0.012125
0.01255
0.01750833333
0.0083
0.006175
0.006458333333
0.014675
0.01255
0.013825
0.01821666667
0.003341666667
0.006883333333
0.003139285714
0.01750833333
0.010425
0.00405
0.0083
0.009291666667
0.01609166667
0.02813333333
0.012125
0.014675
0.010425
0.009008333333
0.01928928571
0.009008333333
0.00405
0.006175
0.007875
0.01872261905
0.004758333333
0.007591666667
0.004758333333
0.009008333333
0.001925
0.012125
0.001925
0.004758333333
0.00575
0.007875
0.009716666667
0.014675
0.006175
0.01113333333
0.00405
0.009575
0.01113333333
0.01447261905
0.006458333333
0.003625
0.007875
0.01184166667
0.01325833333
0.006175
0.009575
0.018925
0.007875
0.01325833333
0.0083
0.02105
0.009008333333
0.0083
0.031675
0.02034166667
0.009008333333
0.01495833333
0.01354166667
0.006883333333
0.004758333333
0.01255
0.004758333333
0.0083
0.001925
0.001925
0.006175
0.01665833333
0.02175833333
0.010425
0.004758333333
0.01255
0.006883333333
0.010425
0.00405
0.001925
0.001925
0.001925
0.003625
0.01475595238
0.01708333333
0.010425
0.01093095238
0.009716666667
0.009716666667
0.00405
0.013825
